1
2
3
4
5
6
7
8
9
10
11
12
13
14
15
16
17
18
19
20
21
22
23
24
25
26
27
28
29
30
31
32
33
34
35
36
37
38
39
40
41
42
43
44
45
46
47
48
49
50
51
52
53
54
55
56
57
58
59
60
61
62
63
64
65
66
67
68
69
70
71
72
73
74
75
76
77
78
79
80
81
82
83
84
85
86
87
88
89
90
91
92
93
94
95
96
97
98
99
100
101
102
103
104
105
106
107
108
109
110
111
112
113
114
115
116
117
118
119
120
121
122
123
124
125
126
127
128
129
130
131
132
133
134
135
136
137
138
139
140
141
142
143
144
145
146
147
148
149
150
151
152
153
154
155
156
157
158
159
160
161
162
163
164
165
166
167
168
169
170
171
2
3
4
5
6
7
8
9
10
11
12
13
14
15
16
17
18
19
20
21
22
23
24
25
26
27
28
29
30
31
32
33
34
35
36
37
38
39
40
41
42
43
44
45
46
47
48
49
50
51
52
53
54
55
56
57
58
59
60
61
62
63
64
65
66
67
68
69
70
71
72
73
74
75
76
77
78
79
80
81
82
83
84
85
86
86.0116
86.0233
86.0349
86.0465
86.0581
86.0698
86.0814
86.093
86.1047
86.1163
86.1279
86.1395
86.1512
86.1628
86.1744
86.186
86.1977
86.2093
86.2209
86.2326
86.2442
86.2558
86.2674
86.2791
86.2907
86.3023
86.314
86.3256
86.3372
86.3488
86.3605
86.3721
86.3837
86.3953
86.407
86.4186
86.4302
86.4419
86.4535
86.4651
86.4767
86.4884
86.5
86.5116
86.5233
86.5349
86.5465
86.5581
86.5698
86.5814
86.593
86.6047
86.6163
86.6279
86.6395
86.6512
86.6628
86.6744
86.686
86.6977
86.7093
86.7209
86.7326
86.7442
86.7558
86.7674
86.7791
86.7907
86.8023
86.814
86.8256
86.8372
86.8488
86.8605
86.8721
86.8837
86.8953
86.907
86.9186
86.9302
86.9419
86.9535
86.9651
86.9767
86.9884
87
87.0116
87.0231
87.0346
87.0461
87.0576
87.0691
87.0806
87.0921
87.1036
87.1151
87.1266
87.1381
87.1496
87.1611
87.1725
87.184
87.1955
87.207
87.2185
87.23
87.2415
87.253
87.2645
87.276
87.2875
87.299
87.3105
87.322
87.3335
87.345
87.3565
87.3679
87.3794
87.3909
87.4024
87.4139
87.4254
87.4369
87.4484
87.4599
87.4714
87.4829
87.4944
87.5059
87.5174
87.5289
87.5404
87.5519
87.5634
87.5748
87.5863
87.5978
87.6093
87.6208
87.6323
87.6438
87.6553
87.6668
87.6783
87.6898
87.7013
87.7128
87.7243
87.7358
87.7473
87.7588
87.7702
87.7817
87.7932
87.8047
87.8162
87.8277
87.8392
87.8507
87.8622
87.8737
87.8852
87.8967
87.9082
87.9197
87.9312
87.9427
87.9542
87.9657
87.9771
87.9886
88.0001
88.0115
88.0229
88.0342
88.0456
88.057
88.0683
88.0797
88.091
88.1024
88.1138
88.1251
88.1365
88.1479
88.1592
88.1706
88.182
88.1933
88.2047
88.216
88.2274
88.2388
88.2501
88.2615
88.2729
88.2842
88.2956
88.307
88.3183
88.3297
88.341
88.3524
88.3638
88.3751
88.3865
88.3979
88.4092
88.4206
88.432
88.4433
88.4547
88.466
88.4774
88.4888
88.5001
88.5115
88.5229
88.5342
88.5456
88.557
88.5683
88.5797
88.591
88.6024
88.6138
88.6251
88.6365
88.6479
88.6592
88.6706
88.682
88.6933
88.7047
88.716
88.7274
88.7388
88.7501
88.7615
88.7729
88.7842
88.7956
88.807
88.8183
88.8297
88.841
88.8524
88.8638
88.8751
88.8865
88.8979
2
3
4
5
6
7
8
9
10
11
12
13
14
15
16
17
18
19
20
21
22
23
24
25
26
27
28
29
30
31
32
33
34
35
36
37
38
39
40
41
42
43
44
45
45.0222
45.0444
45.0667
45.0889
45.1111
45.1333
45.1556
45.1778
45.2
45.2222
45.2444
45.2667
45.2889
45.3111
45.3333
45.3556
45.3778
45.4
45.4222
45.4444
45.4667
45.4889
45.5111
45.5333
45.5556
45.5778
45.6
45.6222
45.6444
45.6667
45.6889
45.7111
45.7333
45.7556
45.7778
45.8
45.8222
45.8444
45.8667
45.8889
45.9111
45.9333
45.9556
45.9778
46
46.0217
46.0435
46.0652
46.087
46.1087
46.1304
46.1522
46.1739
46.1957
46.2174
46.2391
46.2609
46.2826
46.3043
46.3261
46.3478
46.3696
46.3913
46.413
46.4348
46.4565
46.4783
46.5
46.5217
46.5435
46.5652
46.587
46.6087
46.6304
46.6522
46.6739
46.6957
46.7174
2
3
4
5
6
7
8
9
10
11
12
13
14
15
16
17
18
19
20
21
22
23
24
24.0417
24.0833
24.125
24.1667
24.2083
24.25
24.2917
24.3333
24.375
24.4167
24.4583
24.5
24.5417
24.5833
24.625
24.6667
24.7083
24.75
24.7917
24.8333
24.875
24.9167
24.9583
25
25.04
25.08
25.12
25.16
25.2
25.24
25.28
25.32
25.36
25.4
25.44
25.48
25.52
25.56
25.6
25.64
25.68
25.72
25.76
25.8
25.84
25.88
25.92
25.96
26
26.0385
26.0769
26.1154
26.1538
26.1923
26.2308
26.2692
26.3077
26.3462
26.3846
26.4231
26.4615
26.5
26.5385
26.5769
26.6154
2
3
4
5
6
7
8
9
10
11
12
13
14
14.0714
14.1429
14.2143
14.2857
14.3571
14.4286
14.5
14.5714
14.6429
14.7143
14.7857
14.8571
14.9286
15
15.0714
15.1381
15.2048
15.2714
15.3381
15.4048
15.4714
15.5381
15.6048
15.6714
15.7381
15.8048
15.8714
15.9381
16.0048
16.0673
16.1298
16.1923
16.2548
16.3173
16.3798
16.4423
16.5048
16.5673
16.6298
2
3
4
5
6
7
8
9
9.11111
9.22222
9.33333
9.44444
9.55556
9.66667
9.77778
9.88889
10
10.1111
10.2111
10.3111
10.4111
10.5111
10.6111
10.7111
10.8111
10.9111
11.0111
11.102
11.1929
11.2838
2
3
4
5
6
6.16667
6.33333
6.5
6.66667
6.83333
7
7.14286
7.28571
7.42857
7.57143
7.71429
7.85714
8
8.125
8.25
8.375
8.5
8.625
8.75
8.875
9
9.11111
9.22222
2
3
4
5
5.2
5.4
5.6
5.8
6
6.16667
6.33333
6.5
6.66667
6.83333
7
7.14286
7.28571
7.42857
7.57143
7.71429
7.85714
8
8.125
8.25
8.375
8.5
8.625
8.75
8.875
9
9.11111
9.22222
9.33333
9.44444
9.55556
9.66667
9.77778
9.88889
10
10.1
10.2
10.3
10.4
10.5
10.6
10.7
10.8
10.9
11
11.1
11.1909
11.2818
2
3
4
5
6
6.16667
6.33333
6.5
6.66667
6.83333
7
7.14286
7.28571
7.42857
7.57143
7.71429
7.85714
8
8.125
8.25
8.375
8.5
8.625
8.75
8.875
9
9.11111
9.22222
2
3
4
5
5.2
