0
76
76
76
77
77
77
77
77
77
77
77
77
77
78
78
78
78
78
78
79
79
79
79
79
79
79
79
79
80
80
80
80
80
80
80
80
81
81
81
81
81
81
81
82
82
82
82
82
82
82
82
82
82
82
82
83
83
83
83
83
83
84
84
84
84
84
84
84
84
84
84
85
85
85
85
85
85
85
86
86
86
86
86
86
86
86
86
86
86
86
87
87
87
87
87
87
87
87
87
87
87
87
87
87
87
87
87
88
88
88
88
88
88
88
88
88
88
88
88
88
88
88
88
89
89
89
89
89
89
89
89
89
89
89
89
89
89
89
89
89
89
89
89
89
89
89
89
89
89
89
89
89
89
89
89
89
89
90
90
90
90
90
90
90
90
90
90
90
90
90
1992
1992
1992
1992
1992
1992
1993
1993
1993
1993
1993
1993
1993
1993
1993
1993
1993
1993
1993
1993
1993
1993
1993
1993
1993
1993
1993
1993
1993
1993
1993
1993
1993
1993
1993
1993
1993
1993
1993
1993
1993
1993
1994
1994
1994
1994
1994
1994
1994
1994
1994
1994
1994
1994
1994
1994
1994
1994
1994
1994
1994
1994
1994
1994
1994
1994
1994
1994
1994
1994
1994
1994
1994
1994
1994
1994
1994
1995
1995
1995
1995
1995
1995
1995
1995
1995
1995
1995
1995
1995
1995
1995
1995
1995
1995
1995
1995
1995
1995
1995
1995
1995
1995
1995
1995
1995
1995
1996
1996
1996
1996
1996
1996
1996
1996
1996
1996
1996
1996
1996
1996
1996
1996
1996
1996
1996
1996
1996
1996
1996
1996
1996
1996
1996
1996
1996
1996
1996
1996
1996
1996
1996
1997
1997
1997
1997
1997
1997
1997
1997
1997
1997
1997
1997
1997
1997
1997
1997
1997
1997
1997
1997
1997
1997
1997
1997
1997
1997
1997
1997
1997
1997
1998
1998
1998
1998
1998
1998
1998
1998
1998
1998
1998
1998
1998
1998
1998
1998
1998
1998
1998
1999
1999
1999
1999
1999
1999
1999
1999
1999
1999
1999
1999
1999
1999
1999
1999
1999
1999
1999
1999
1999
1999
1999
2000
2000
2000
2000
2000
2000
2000
2000
2000
2000
2000
2000
2000
2000
2000
2000
2000
2000
2000
2000
2000
2000
2000
2000
2000
2000
2000
2000
2000
2000
2000
2000
2001
2001
2001
2001
2001
2001
2001
2001
2001
2001
2001
2001
2001
2001
2001
2001
2001
2001
2001
2001
2001
2001
2001
2001
2001
2001
2001
2001
2001
2001
2001
2001
2001
2001
2001
2001
2002
2002
2002
2002
2002
2002
2002
2002
2002
2002
2002
2002
2002
2002
2002
2002
2002
2002
2002
2002
2002
2002
2002
2002
2002
2002
2002
2002
2002
2002
2002
2002
2002
2002
2002
2002
2002
2002
2002
2003
2003
2003
2003
2003
2003
2003
2003
2003
2003
2003
2003
2003
2003
2003
2003
3992
3992
3992
3992
3993
3993
3993
3993
3993
3993
3993
3993
3993
3993
3993
3993
3993
3993
3993
3993
3993
3993
3994
3994
3994
3994
3994
3994
3994
3994
3994
3994
3994
3994
3994
3994
3994
3994
3994
3994
3994
3994
3994
3994
3994
3994
3994
3994
3994
3994
3994
3994
3994
3994
3994
3995
3995
3995
3995
3995
3995
3995
3995
3995
3995
3995
3995
3995
3995
3995
3995
3995
3995
3995
3995
3995
3995
3995
3995
3995
3995
3995
3996
3996
3996
3996
3996
3996
3996
3996
3996
3996
3996
3996
3996
3996
3996
3996
3996
3996
3996
3996
3996
3996
3996
3996
3996
3996
3996
3996
3996
3996
3996
3996
3996
3996
3996
3996
3996
3996
3997
3997
5992
5992
5993
5993
5993
5993
5993
5993
5993
5993
5993
5993
5993
5993
5993
5993
5993
5993
5993
5993
5993
5993
5993
5993
5993
5993
5993
5993
5993
5993
5993
5993
5993
5993
5993
5993
5994
5994
5994
5994
5994
5994
5994
5994
5994
5994
5994
5994
5994
5994
5994
5994
5994
5994
5994
5994
5994
5994
5994
5994
5994
5994
5994
5994
5994
5994
5994
5994
5994
5994
5994
5994
5994
5994
5994
5995
5995
5995
5995
5995
5995
5995
5995
5995
5995
5995
5995
5995
7992
7992
7992
7993
7993
7993
7993
7993
7993
7993
7993
7993
7993
7993
7993
7993
7993
7993
7993
7993
7993
7993
7993
7993
7993
7993
7993
7993
7993
7993
7993
7993
7993
7993
7993
7993
7993
7993
7993
7994
7994
7994
7994
7994
7994
7994
7994
7994
7994
7994
7994
7994
9992
9992
9993
9993
9993
9993
9993
9993
9993
9993
9993
9993
9993
9993
9993
9993
9993
9993
9993
9993
9993
9993
9993
9993
9993
9993
9993
9993
9993
9993
11992
11992
11993
11993
11993
11993
11993
11993
11993
11993
11993
11993
11993
11993
11993
11993
11993
11993
11993
11993
11993
11993
11993
11993
11993
11993
11993
11993
13992
13992
13992
13993
13993
13993
13993
13993
13993
13993
13993
13993
13993
13993
13993
13993
13993
13993
13993
13993
13993
13993
13993
13993
13993
13993
13993
13993
13993
13993
13993
13993
13993
13993
13993
13993
13994
13994
13994
13994
13994
13994
13994
13994
13994
13994
13994
13994
13994
13994
13994
13994
15992
15992
15992
15992
15993
15993
15993
15993
15993
15993
15993
15993
15993
15993
15993
15993
15993
15993
15993
15993
15993
15993
15993
15993
15993
15993
15993
15993
17992
17992
17993
17993
17993
