1
2
3
4
5
6
7
8
9
10
11
12
13
14
15
16
17
18
19
20
21
22
23
24
25
26
27
28
29
30
31
32
33
34
35
36
37
38
39
40
41
42
43
44
45
46
47
48
49
50
51
52
53
54
55
56
57
58
59
60
61
62
63
64
65
66
67
68
69
70
71
72
73
74
75
76
77
78
79
80
81
82
83
84
85
86
87
88
89
90
91
92
93
94
95
96
97
98
99
100
101
102
103
104
105
106
107
108
109
110
111
112
113
114
115
116
117
118
119
120
121
122
123
124
125
126
127
128
129
130
131
132
133
134
135
136
137
138
139
140
141
142
143
144
145
146
147
148
149
150
151
152
153
2
3
4
5
6
7
8
9
10
11
12
13
14
15
16
17
18
19
20
21
22
23
24
25
26
27
28
29
30
31
32
33
34
35
36
37
38
39
40
41
42
43
44
45
46
47
48
49
50
51
52
53
54
55
56
57
58
59
60
61
62
63
64
65
66
67
68
69
70
71
72
73
74
75
76
77
77.013
77.026
77.039
77.0519
77.0649
77.0779
77.0909
77.1039
77.1169
77.1299
77.1429
77.1558
77.1688
77.1818
77.1948
77.2078
77.2208
77.2338
77.2468
77.2597
77.2727
77.2857
77.2987
77.3117
77.3247
77.3377
77.3506
77.3636
77.3766
77.3896
77.4026
77.4156
77.4286
77.4416
77.4545
77.4675
77.4805
77.4935
77.5065
77.5195
77.5325
77.5455
77.5584
77.5714
77.5844
77.5974
77.6104
77.6234
77.6364
77.6494
77.6623
77.6753
77.6883
77.7013
77.7143
77.7273
77.7403
77.7532
77.7662
77.7792
77.7922
77.8052
77.8182
77.8312
77.8442
77.8571
77.8701
77.8831
77.8961
77.9091
77.9221
77.9351
77.9481
77.961
77.974
77.987
78
78.013
78.0258
78.0386
78.0514
78.0643
78.0771
78.0899
78.1027
78.1156
78.1284
78.1412
78.154
78.1668
78.1797
78.1925
78.2053
78.2181
78.2309
78.2438
78.2566
78.2694
78.2822
78.295
78.3079
78.3207
78.3335
78.3463
78.3591
78.372
78.3848
78.3976
78.4104
78.4232
78.4361
78.4489
78.4617
78.4745
78.4873
78.5002
78.513
78.5258
78.5386
78.5514
78.5643
78.5771
78.5899
78.6027
78.6156
78.6284
78.6412
78.654
78.6668
78.6797
78.6925
78.7053
78.7181
78.7309
78.7438
78.7566
78.7694
78.7822
78.795
78.8079
78.8207
78.8335
78.8463
78.8591
78.872
78.8848
78.8976
78.9104
78.9232
78.9361
78.9489
78.9617
78.9745
78.9873
79.0002
79.0128
79.0255
79.0381
79.0508
79.0635
79.0761
79.0888
79.1014
79.1141
79.1267
79.1394
79.1521
79.1647
79.1774
79.19
79.2027
79.2154
79.228
79.2407
79.2533
79.266
79.2786
79.2913
79.304
79.3166
79.3293
79.3419
79.3546
79.3673
79.3799
79.3926
79.4052
79.4179
79.4305
79.4432
79.4559
79.4685
79.4812
79.4938
79.5065
79.5192
79.5318
79.5445
79.5571
79.5698
2
3
4
5
6
7
8
9
10
11
12
13
14
15
16
17
18
19
20
21
22
23
24
25
26
27
28
29
30
31
32
33
34
35
36
37
38
39
40
40.025
40.05
40.075
40.1
40.125
40.15
40.175
40.2
40.225
40.25
40.275
40.3
40.325
40.35
40.375
40.4
40.425
40.45
40.475
40.5
40.525
40.55
40.575
40.6
40.625
40.65
40.675
40.7
40.725
40.75
40.775
40.8
40.825
40.85
40.875
40.9
40.925
40.95
40.975
41
41.025
41.0494
41.0738
41.0982
41.1226
41.147
41.1713
41.1957
41.2201
41.2445
41.2689
41.2933
41.3177
41.3421
41.3665
41.3909
41.4152
41.4396
41.464
41.4884
41.5128
41.5372
41.5616
41.586
41.6104
41.6348
41.6591
41.6835
41.7079
41.7323
41.7567
41.7811
41.8055
41.8299
41.8543
41.8787
41.903
41.9274
41.9518
41.9762
42.0006
42.0244
42.0482
42.072
42.0958
42.1197
42.1435
42.1673
42.1911
42.2149
42.2387
42.2625
42.2863
2
3
4
5
6
7
8
9
10
11
12
13
14
15
16
17
18
19
20
21
22
22.0455
22.0909
22.1364
22.1818
22.2273
22.2727
22.3182
22.3636
22.4091
22.4545
22.5
22.5455
22.5909
22.6364
22.6818
22.7273
22.7727
22.8182
22.8636
22.9091
22.9545
23
23.0435
23.087
23.1304
23.1739
23.2174
23.2609
23.3043
23.3478
23.3913
23.4348
23.4783
23.5217
23.5652
23.6087
23.6522
23.6957
23.7391
23.7826
23.8261
23.8696
23.913
2
3
4
5
6
7
8
9
10
11
12
12.0833
12.1667
12.25
12.3333
12.4167
12.5
12.5833
12.6667
12.75
12.8333
12.9167
13
13.0769
13.1538
13.2308
13.3077
13.3846
13.4615
13.5385
13.6154
13.6923
13.7692
13.8462
13.9231
14
14.0714
14.1429
2
3
4
5
6
7
8
8.125
8.25
8.375
8.5
8.625
8.75
8.875
9
9.11111
9.22222
9.33333
9.44444
9.55556
2
3
4
5
5.2
5.4
5.6
5.8
6
6.16667
6.33333
6.5
6.66667
6.83333
7
7.14286
7.28571
7.42857
7.57143
7.71429
7.85714
8
8.125
8.25
8.375
8.5
8.625
8.75
2
3
4
5
5.2
5.4
5.6
5.8
6
6.16667
6.33333
6.5
6.66667
6.83333
7
7.14286
7.28571
7.42857
7.57143
7.71429
7.85714
8
8.125
8.25
8.375
8.5
8.625
8.75
8.875
9
9.11111
9.22222
9.33333
9.44444
2
3
4
5
5.2
5.4
5.6
5.8
6
6.16667
6.33333
6.5
6.66667
6.83333
7
7.14286
7.28571
7.42857
7.57143
7.71429
7.85714
8
8.125
8.25
2
3
4
5
5.2
5.4
5.6
5.8
6
6.16667
6.33333
6.5
6.66667
6.83333
7
7.14286
7.28571
7.42857
2
3
4
4.25
4.5
4.75
5
5.2
5.4
5.6
5.8
6
6.16667
6.33333
6.5
6.66667
6.83333
7
7.14286
7.28571
7.42857
7.57143
7.71429
7.85714
8
8.125
8.25
8.375
8.5
8.625
8.75
8.875
9
9.11111
9.22222
9.33333
9.44444
9.55556
9.66667
9.77778
9.88889
10
10.1
10.2
2
3
4
5
6
6.16667
6.33333
6.5
6.66667
6.83333
7
7.14286
7.28571
7.42857
7.57143
7.71429
7.85714
8
8.125
8.25
8.375
8.5
2
3
4
5
5.2
5.4
5.6
5.8
2
3
3.33333
3.66667
4
4.25
4.5
4.75
5
5.2
5.4
5.6
2
3
3.33333
3.66667
4
4.25
4.5
4.75
5
5.2
5.4
5.6
5.8
6
6.16667
6.33333
6.5
6.66667
6.83333
7
7.14286
7.28571
7.42857
7.57143
2
3
4
4.25
4.5
4.75
5
5.2
5.4
5.6
5.8
6
6.16667
6.33333
6.5
6.66667
2
