0
77
77
77
77
77
77
77
78
78
78
78
78
78
78
78
78
78
78
79
79
79
79
79
79
80
80
80
80
80
80
80
80
80
80
80
80
81
81
81
81
81
81
81
81
81
81
82
82
82
82
82
82
82
82
82
82
83
83
83
83
83
83
83
83
83
83
83
83
83
84
84
84
84
84
84
84
84
84
85
85
85
85
85
85
85
85
85
85
86
86
86
86
86
86
86
86
86
86
86
87
87
87
87
87
87
87
87
87
87
87
87
87
87
87
87
87
87
87
88
88
88
88
88
88
88
88
88
88
88
88
88
88
88
88
88
88
89
89
89
89
89
89
89
89
89
89
89
89
89
89
89
89
1996
1996
1997
1997
1997
1997
1997
1997
1997
1997
1997
1997
1997
1997
1997
1997
1997
1997
1997
1997
1997
1997
1997
1997
1997
1997
1997
1997
1997
1997
1997
1997
1997
1997
1998
1998
1998
1998
1998
1998
1998
1998
1998
1998
1998
1998
1998
1998
1998
1998
1998
1998
1998
1998
1998
1998
1998
1998
1998
1998
1998
1998
1998
1998
1998
1998
1999
1999
1999
1999
1999
1999
1999
1999
1999
1999
1999
1999
1999
1999
1999
1999
1999
1999
1999
1999
1999
1999
1999
1999
1999
1999
1999
1999
1999
1999
1999
1999
1999
2000
2000
2000
2000
2000
2000
2000
2000
2000
2000
2000
2000
2000
2000
2000
2000
2000
2000
2000
2000
2000
2000
2000
2000
2000
2000
2000
2000
2000
2000
2000
2000
2000
2001
2001
2001
2001
2001
2001
2001
2001
2001
2001
2001
2001
2001
2001
2001
2001
2001
2001
2001
2001
2001
2001
2001
2001
2001
2001
2001
2001
2001
2001
2001
2001
2001
2002
2002
2002
2002
2002
2002
2002
2002
2002
2002
2002
2002
2002
2002
2002
2002
2002
2002
2002
2002
2002
2002
2002
2002
2002
2002
2002
2002
2002
2002
2002
2003
2003
2003
2003
2003
2003
2003
2003
2003
2003
2003
2003
2003
2003
2003
2003
2003
2003
2003
2003
2003
2003
2003
2003
2003
2003
2003
2003
2003
2003
2003
2003
2004
2004
2004
2004
2004
2004
2004
2004
2004
2004
2004
2004
2004
2004
2004
2004
2004
2004
2004
2004
2004
2004
2004
2004
2004
2004
2004
2004
2004
2004
2004
2004
2005
2005
2005
2005
2005
2005
2005
2005
2005
2005
2005
2005
2005
2005
2005
2005
3997
3997
3997
3997
3997
3997
3997
3997
3997
3997
3997
3997
3997
3997
3997
3997
3997
3997
3997
3997
3997
3997
3997
3997
3997
3997
3997
3997
3997
3997
3997
3998
3998
3998
3998
3998
3998
3998
3998
3998
3998
3998
3998
3998
3998
3998
3998
3998
3998
3998
3998
3998
3998
3998
3998
3998
3998
3998
3998
3998
3998
3998
3998
3998
3998
3999
3999
3999
3999
3999
3999
3999
3999
3999
3999
3999
3999
3999
3999
3999
3999
3999
3999
3999
3999
3999
3999
3999
3999
3999
3999
3999
3999
3999
3999
4000
4000
4000
4000
4000
4000
4000
4000
4000
4000
4000
4000
4000
4000
4000
4000
4000
4000
4000
4000
4000
4000
4000
4000
4000
4000
4000
4000
4000
4000
4000
4000
4001
4001
4001
4001
4001
5997
5997
5997
5997
5997
5997
5997
5997
5997
5997
5997
5997
5997
5997
5997
5997
5998
5998
5998
5998
5998
5998
5998
5998
5998
5998
5998
5998
5998
5998
5998
5998
5998
5998
5998
5998
5998
5998
5998
5998
5998
5998
5998
5998
5998
5998
5998
5998
5998
5998
5998
5998
5998
5998
5998
5998
5998
5998
5998
5998
5998
5998
5999
5999
7997
7997
7997
7997
7997
7997
7997
7997
7997
7997
7997
7997
7997
7997
7997
7997
7997
7997
7997
7997
7997
7997
7997
7997
7997
7997
7997
7997
7998
7998
7998
7998
7998
7998
7998
7998
7998
7998
9997
9997
9997
9997
9997
9997
9997
9997
9997
9997
9997
9997
9997
9997
9997
9997
9997
9997
9997
9997
11996
11997
11997
11997
11997
11997
11997
11997
11997
11997
11997
11997
11997
11997
11997
11997
11997
11997
11997
11997
11998
11998
11998
11998
11998
11998
11998
11998
13996
13996
13997
13997
13997
13997
13997
13997
13997
13997
13997
13997
13997
13997
13997
13997
13997
13997
13997
13997
13997
13997
13997
13997
13997
13997
13997
13997
13997
13997
13997
13997
13998
13998
15996
15996
15997
15997
15997
15997
15997
15997
15997
15997
15997
15997
15997
15997
15997
15997
15997
15997
15997
15997
15997
15997
15997
15997
17997
17997
17997
17997
17997
17997
17997
17997
17997
17997
17997
17997
17997
17997
17997
17997
17997
17997
19997
19997
19997
19997
19997
19997
19997
19997
19997
19997
19997
19997
19997
19997
19997
19997
19997
19997
19997
19997
19997
19997
19997
19997
19997
19997
19997
19997
19997
19997
19997
19997
19997
19998
19998
19998
19998
19998
19998
19998
19998
19998
19998
19998
21997
21997
21997
21997
21997
21997
21997
21997
21997
21997
21997
21997
21997
21997
21997
21997
21997
21997
21997
21997
21997
21997
23996
23996
23997
23997
23997
23997
23997
23997
25996
25996
25997
25997
25997
25997
25997
25997
25997
25997
25997
25997
27996
27997
27997
27997
27997
27997
27997
27997
27997
27997
27997
27997
27997
27997
27997
27997
27997
27997
27997
27997
27997
27997
27997
27997
29996
29997
29997
29997
29997
29997
29997
29997
29997
29997
29997
29997
29997
29997
29997
29997
31996
