1
2
3
4
5
6
7
8
9
10
11
12
13
14
15
16
17
18
19
20
21
22
23
24
25
26
27
28
29
30
31
32
33
34
35
36
37
38
39
40
41
42
43
44
45
46
47
48
49
50
51
52
53
54
55
56
57
58
59
60
61
62
63
64
65
66
67
68
69
70
71
72
73
74
75
76
77
78
79
80
81
82
83
84
85
86
87
88
89
90
91
92
93
94
95
96
97
98
99
100
101
102
103
104
105
106
107
108
109
110
111
112
113
114
115
116
117
118
119
120
121
122
123
124
125
126
127
128
129
130
131
132
133
134
135
136
137
138
139
140
141
142
143
144
145
146
147
148
149
150
151
152
153
154
155
156
157
158
159
160
161
162
163
164
165
166
167
168
169
170
171
172
173
174
175
176
177
178
179
180
181
182
183
184
185
186
187
188
189
190
191
192
193
194
195
196
197
198
199
200
201
202
203
204
205
206
207
208
209
210
211
212
213
214
215
216
217
218
219
220
221
222
223
224
225
226
227
228
229
230
231
232
233
234
235
236
237
238
239
240
241
242
243
244
245
246
247
248
249
250
251
252
253
254
255
256
257
258
259
260
261
262
263
264
265
266
267
268
269
270
271
272
273
274
275
276
277
278
279
280
281
282
283
284
285
286
287
288
289
290
291
292
293
294
295
296
297
298
299
300
301
302
303
304
305
306
307
308
309
310
311
312
313
314
315
316
317
318
319
320
321
322
323
324
325
326
327
328
329
330
331
332
333
334
335
336
337
338
339
340
341
342
343
344
345
346
347
348
349
350
351
352
353
354
355
356
357
358
359
360
361
362
363
364
365
366
367
368
369
370
371
372
373
374
375
376
377
378
379
380
381
382
383
384
385
386
387
388
389
390
391
392
393
394
395
396
397
398
399
400
400.002
400.005
400.007
400.01
400.012
400.015
400.017
400.02
400.022
400.025
400.027
400.03
400.032
400.035
400.037
400.04
400.042
400.045
400.047
400.05
400.052
400.055
400.057
400.06
400.062
400.065
400.067
400.07
400.072
400.075
400.077
400.08
400.082
400.085
400.087
400.09
400.092
400.095
400.097
400.1
400.102
400.105
400.107
400.11
400.112
400.115
400.117
400.12
400.122
400.125
400.127
400.13
400.132
400.135
400.137
400.14
400.142
400.145
400.147
400.15
400.152
400.155
400.157
400.16
400.162
400.165
400.167
400.17
400.172
400.175
400.177
400.18
400.182
400.185
400.187
400.19
400.192
400.195
400.197
400.2
400.202
400.205
400.207
400.21
400.212
400.215
400.217
400.22
400.222
400.225
400.227
400.23
400.232
400.235
400.237
400.24
400.242
400.245
400.247
400.25
400.252
400.255
400.257
400.26
400.262
400.265
400.267
400.27
400.272
400.275
400.277
400.28
400.282
400.285
400.287
400.29
400.292
400.295
400.297
400.3
400.302
400.305
400.307
400.31
400.312
400.315
400.317
400.32
400.322
400.325
400.327
400.33
400.332
400.335
400.337
400.34
400.342
400.345
400.347
400.35
400.352
400.355
400.357
400.36
400.362
400.365
400.367
400.37
400.372
400.375
400.377
400.38
400.382
400.385
400.387
400.39
400.392
400.395
400.397
400.4
400.402
400.405
400.407
400.41
400.412
400.415
400.417
400.42
400.422
400.425
400.427
400.43
400.432
400.435
400.437
400.44
400.442
400.445
400.447
400.45
400.452
400.455
400.457
400.46
400.462
400.465
400.467
400.47
400.472
400.475
400.477
400.48
400.482
400.485
400.487
400.49
400.492
400.495
400.497
400.5
400.502
400.505
400.507
400.51
400.512
400.515
400.517
400.52
400.522
400.525
400.527
400.53
400.532
400.535
400.537
400.54
400.542
400.545
400.547
400.55
400.552
400.555
400.557
400.56
400.562
400.565
400.567
400.57
400.572
400.575
400.577
400.58
400.582
400.585
400.587
400.59
400.592
400.595
400.597
400.6
400.602
400.605
400.607
400.61
400.612
400.615
400.617
400.62
400.622
400.625
400.627
400.63
400.632
400.635
400.637
400.64
400.642
400.645
400.647
400.65
400.652
400.655
400.657
400.66
400.662
400.665
400.667
400.67
400.672
400.675
400.677
400.68
400.682
400.685
400.687
400.69
400.692
400.695
400.697
400.7
400.702
400.705
400.707
400.71
400.712
400.715
400.717
400.72
400.722
400.725
400.727
400.73
400.732
400.735
400.737
400.74
400.742
2
3
4
5
6
7
8
9
10
11
12
13
14
15
16
17
18
19
20
21
22
23
24
25
26
27
28
29
30
31
32
33
34
35
36
37
38
39
40
41
42
43
44
45
46
47
48
49
50
51
52
53
54
55
56
57
58
59
60
61
62
63
64
65
66
67
68
69
70
71
72
73
74
75
76
77
78
79
80
81
82
83
84
85
86
87
88
89
90
91
92
93
94
95
96
97
98
99
100
101
102
103
104
105
106
107
108
109
110
111
112
113
114
115
116
117
118
119
120
121
122
123
124
125
126
127
128
129
130
131
132
133
134
135
136
137
138
139
140
141
142
143
144
145
146
